c <- 10
e <- 20